v2.0 raw
40 14 6*0 40 14 48 12 4*0
40 14 48 10 2 0 0 0
40 14 48 10 2 0 0 0
40 14 48 21 4*0 40 14 a
5*0 40 14 8 5*0 40 14 6*0
40 14 6*0 40 14 6*0 40 14
6*0 40 14 6*0 40 14 6*0 40
14 6*0 40 14 1 5*0 40 14
80 5*0 40 14 6*0 40 14 48
12 4*0 40 14 48 10 2 0
0 0 40 14 48 10 2 0
0 0 40 14 48 21 4*0 40
14 a 5*0 40 14 8 5*0 40
14 8 5*0 40 14 6*0 40 14
6*0 40 14 6*0 40 14 6*0 40
14 6*0 40 14 6*0 40 14 1
5*0 40 14 80 5*0 40 14 6*0
40 14 48 12 4*0 40 14 48
10 2 0 0 0 40 14 48
10 2 0 0 0 40 14 48
21 4*0 40 14 a 5*0 40 14
8 5*0 40 14 6*0 40 14 8
5*0 40 14 6*0 40 14 6*0 40
14 6*0 40 14 6*0 40 14 6*0
40 14 1 5*0 40 14 80 5*0
40 14 6*0 40 14 48 12 4*0
40 14 48 10 2 0 0 0
40 14 48 10 2 0 0 0
40 14 48 21 4*0 40 14 a
5*0 40 14 8 5*0 40 14 8
5*0 40 14 8 5*0 40 14 6*0
40 14 6*0 40 14 6*0 40 14
6*0 40 14 6*0 40 14 1 5*0
40 14 80
